10101010110101110001110110111100101101111100100100010111001011101000101011010010101000011001101101010100101100010110111010010011100101100111100010011011011010010110011110110111110010011101101100011001

10101010---11010100101111101100101010000001

10101010110101110001110110111100101101111100100100010111001011101000101011010010101000011001101101010100101100010110111010010011100101100111100010011011011010010110011110110111110010011101101100011001

101010101100111100010100100111000111001011101001100011101000001000010000110010010111010110011110111111100101101011110111101111111010000011011101110111110011100001011011011001111000010101110011011011001111101100

10101010---011100011100101110100110010001011100100001101010000011001001110010000110101000010111111011101010111101001010011000111101

101010100111000111001011101001101101011011111000000000001010110011110001101101001111110100011001111001001010001110110011110110111110010111000101000000000101011000101101101001011101000101001101000000111111111011110010111110100011011011011010010111010001010011000111111101010100100011011111011101011110010101111100001110001111001

101010101101010011011100101110100010100110111111000101110010110100111111111001110010110110100101100111100011011010110000001010110000110100101101101110111111000011010101001110010010100011101100111101101111100100110000101000001110011011011111010001101101110100010101111011111010001101111001001100100000101011000100001101111101110011101001100011011110011110101100111100011001101111111101101110000101011010010000010100011110111100111000111101

101010100111000111001011101001100011101000001000010000110010010111010110011110111111100101101011110111101111111010000011001100111111110110100001011011001000101110011110110110100011001

10101010---011100011100101110100110010001011100100001101010000011001001110010000110101000010111111011101010111101001010011000111101

101010100111000111001011101001101101011011111000000000001010110011110001101101001111110100011001111001001010001110110011110110111110010111000101000000000101011000101101101001011101000101001101000000111111111011110010111110100011011011011010010111010001010011000111111101010100100011011111011101011110010101111100001110001111001

10101010110101000111100010100101101011110111001101111001001111000000101011001111000110000001011111101101111001101101101001011110110110011011000000101101101111101000110110110100111111010011001101101000110010111101100110001111000101001011010111101110011010010000001111110110110111010001010011110000010110110011100101011000101101101001011001111000110011010111111110011000111101

1010101001110001110010111010011000111010000010000100001100100101110101100111101111111001011001111000110011100101010001100110110101001110101011111000001000010001010110111110010111001100110110111001110100111100000100011010100000011011101001

10101010---011100011100101110100110010001011100100001101010000011001001110010111111011101010111101001010011000111101

101010100111000111001011101001101101011011111000000000001010110011110001101101001111110100011001111001001010001110110011110110111110010111000101000000000101011000101101101001011101000101001101000000111111111011110010111110100011011011011010010111010001010011000111111101010100100011011111011101011110010101111100001110001111001

101010101101010001111000101001011101000101000000101010111101111001011110111111101000001100111100000100101001001101001110101101101010100101101100101011111110010111110100011011011001111000110000110111001111111000011110010111000101011111010001101101111101000110110110011110001100111011111011111011001111101100001000010110011110001000000110110111110010011100101011111011010111101

1010101001110001110010111010011000111010000010000100001100100101110101100111101111111001011010111101111011111110100000110010001011100101101101001101000110111100001011011011001111000100110110001011011101000101011110010101111111100001

10101010---011100011100101110100110010001011100100001101010000011001001110010000110101000010111111011101010111101001010011000111101

101010100111000111001011101001101101011011111000000000001010110011110001101101001111110100011001111001001010001110110011110110111110010111000101000000000101011000101101101001011101000101001101000000111111111011110010111110100011011011011010010111010001010011000111111101010100100011011111011101011110010101111100001110001111001